scipy: indices: [array([51]), array([50]), array([152])]
       norm_dist: [array([0.45600000000000306954]), array([0.45640000000000213731]), array([0.54399999999999693046])]
       bounds: [False]



weight: [0.1348475903999996]
c_weigh: 0.1348475903999996
values: [[ -1.92575845702089276656 -38.93454625767176224826 18.97035802981869423434]]
           -1.9257584570208928     -38.93454625767176       18.970358029818694 


weight: [0.16087080959999756]
c_weigh: 0.16087080959999756
values: [[ -8.94535596390047338389 -87.05261176062103345430 38.61750956442152471482]]
           -1.4825973260546532     -72.02977489432286       38.35682039540052 


weight: [0.11321640960000065]
c_weigh: 0.11303400960000108
values: [[  -9.12315101349312662649 -118.94454245725246721577 54.74405522425286818589]]
            -8.502194832934235      -120.14784039727212       58.003971930003345 


weight: [0.13506519039999912]
c_weigh: 0.13484759039999963
values: [[ -13.21224960132981962602 -157.87708359005222291671 71.60424318919650943371]]
           -11.890375315250632      -162.44278630318763       78.96333191822204  


weight: [0.11303400960000108]
c_weigh: 0.11321640960000065
values: [[ -12.76908847036357919080 -190.97231222670330907931 90.99070555477834432168]]
           -12.068170364843285      -194.33471699981908       95.08987757805338  

weight: [0.13484759039999963]
c_weigh: 0.13506519039999912
values: [[ -16.15726895267997775818 -233.26725813261882080951 111.95006554299703793731]]
           -10.828845270761573      -221.41120364914926       111.78503555545095  

weight: [0.09490199040000172]
c_weigh: 0.09490199040000172
values: [[ -14.91794385859826554963 -260.34374478194899893424 128.64522352039460884043]]
           -14.917943858598264      -260.343744781949         128.64522352039458 

weight: [0.11321640960000065035]
c_weigh: 0.11321640960000065
values: [[ -16.64562629500745671862 -294.60189774820230468322 146.65002900087910120419]]
           -16.645626295007453      -294.6018977482023        146.65002900087904 






[[ -16.64562629500745671862 -294.60189774820230468322 146.65002900087910120419]]

[array([0.45600000000000306954]), array([0.45640000000000213731]), array([0.54399999999999693046])]
        0.45600000000000307              0.45640000000000214              0.5439999999999969



0.45600000000000307 51.456 51.0 52.0 0.45600000000000307 1.0


point 0 : 51.456
point 0 : 50.4564
0.45640000000000214 50.4564 50.0 51.0 0.45640000000000214 1.0
point 0 : -52.456
0.5439999999999969 -52.456 -53.0 -52.0 0.5439999999999969 1.0
-1.9257584570208928 -1.4825973260546532 -8.502194832934235
0.1348475903999996
0.11303400960000108
0.16087080959999756
0.13484759039999963
0.11321640960000065
0.09490199040000172
0.13506519039999912
0.11321640960000065
-38.93454625767176 -72.02977489432286 -120.14784039727212
0.1348475903999996
0.11303400960000108
0.16087080959999756
0.13484759039999963
0.11321640960000065
0.09490199040000172
0.13506519039999912
0.11321640960000065
18.970358029818694 38.35682039540052 58.003971930003345
[[ -16.64562629500745671862 -294.60189774820230468322
   146.65002900087910120419]]
[[ -16.64562629500745316591 -294.60189774820230468322
   146.65002900087904436077]]
[[-3.55271367880050092936e-15  0.00000000000000000000e+00
   5.68434188608080148697e-14]]
